{
 "cells": [
  {
   "cell_type": "code",
   "execution_count": 2,
   "id": "8e9191ea-c30b-4da3-969b-069c8ec0bc21",
   "metadata": {},
   "outputs": [],
   "source": [
    "import numpy as np \n",
    "import pandas as pd\n",
    "from pandas import read_csv"
   ]
  },
  {
   "cell_type": "code",
   "execution_count": 3,
   "id": "8e4fa461-85eb-44ae-ba5e-80b02fc80520",
   "metadata": {},
   "outputs": [
    {
     "name": "stdout",
     "output_type": "stream",
     "text": [
      "      CRIM    ZN  INDUS  CHAS    NOX     RM   AGE     DIS  RAD    TAX  \\\n",
      "0  0.00632  18.0   2.31     0  0.538  6.575  65.2  4.0900    1  296.0   \n",
      "1  0.02731   0.0   7.07     0  0.469  6.421  78.9  4.9671    2  242.0   \n",
      "2  0.02729   0.0   7.07     0  0.469  7.185  61.1  4.9671    2  242.0   \n",
      "3  0.03237   0.0   2.18     0  0.458  6.998  45.8  6.0622    3  222.0   \n",
      "4  0.06905   0.0   2.18     0  0.458  7.147  54.2  6.0622    3  222.0   \n",
      "\n",
      "   PTRATIO       B  LSTAT  MEDV  \n",
      "0     15.3  396.90   4.98  24.0  \n",
      "1     17.8  396.90   9.14  21.6  \n",
      "2     17.8  392.83   4.03  34.7  \n",
      "3     18.7  394.63   2.94  33.4  \n",
      "4     18.7  396.90   5.33  36.2  \n"
     ]
    }
   ],
   "source": [
    "column_names = ['CRIM', 'ZN', 'INDUS', 'CHAS', 'NOX', 'RM', 'AGE', 'DIS', 'RAD', 'TAX', 'PTRATIO', 'B', 'LSTAT', 'MEDV']\n",
    "data = read_csv('housing.csv', header=None, delimiter=r\"\\s+\", names=column_names)\n",
    "print(data.head(5))"
   ]
  },
  {
   "cell_type": "code",
   "execution_count": 4,
   "id": "ab9fef0e-d118-4bf4-a5a0-7e837530a8d4",
   "metadata": {},
   "outputs": [
    {
     "name": "stdout",
     "output_type": "stream",
     "text": [
      "(506, 14)\n"
     ]
    }
   ],
   "source": [
    "print(np.shape(data))\n"
   ]
  },
  {
   "cell_type": "code",
   "execution_count": 5,
   "id": "5b7048c7-650b-4297-8f13-7d5fa6f127e3",
   "metadata": {},
   "outputs": [
    {
     "name": "stdout",
     "output_type": "stream",
     "text": [
      "             CRIM          ZN       INDUS        CHAS         NOX          RM  \\\n",
      "count  506.000000  506.000000  506.000000  506.000000  506.000000  506.000000   \n",
      "mean     3.613524   11.363636   11.136779    0.069170    0.554695    6.284634   \n",
      "std      8.601545   23.322453    6.860353    0.253994    0.115878    0.702617   \n",
      "min      0.006320    0.000000    0.460000    0.000000    0.385000    3.561000   \n",
      "25%      0.082045    0.000000    5.190000    0.000000    0.449000    5.885500   \n",
      "50%      0.256510    0.000000    9.690000    0.000000    0.538000    6.208500   \n",
      "75%      3.677083   12.500000   18.100000    0.000000    0.624000    6.623500   \n",
      "max     88.976200  100.000000   27.740000    1.000000    0.871000    8.780000   \n",
      "\n",
      "              AGE         DIS         RAD         TAX     PTRATIO           B  \\\n",
      "count  506.000000  506.000000  506.000000  506.000000  506.000000  506.000000   \n",
      "mean    68.574901    3.795043    9.549407  408.237154   18.455534  356.674032   \n",
      "std     28.148861    2.105710    8.707259  168.537116    2.164946   91.294864   \n",
      "min      2.900000    1.129600    1.000000  187.000000   12.600000    0.320000   \n",
      "25%     45.025000    2.100175    4.000000  279.000000   17.400000  375.377500   \n",
      "50%     77.500000    3.207450    5.000000  330.000000   19.050000  391.440000   \n",
      "75%     94.075000    5.188425   24.000000  666.000000   20.200000  396.225000   \n",
      "max    100.000000   12.126500   24.000000  711.000000   22.000000  396.900000   \n",
      "\n",
      "            LSTAT        MEDV  \n",
      "count  506.000000  506.000000  \n",
      "mean    12.653063   22.532806  \n",
      "std      7.141062    9.197104  \n",
      "min      1.730000    5.000000  \n",
      "25%      6.950000   17.025000  \n",
      "50%     11.360000   21.200000  \n",
      "75%     16.955000   25.000000  \n",
      "max     37.970000   50.000000  \n"
     ]
    }
   ],
   "source": [
    "print(data.describe())\n"
   ]
  },
  {
   "cell_type": "markdown",
   "id": "3fd7d74e-4177-4af5-aec7-315492486845",
   "metadata": {},
   "source": [
    "# 1-Calculer la matrice de variance-covariance\n",
    "La matrice de variance–covariance sert à décrire la dispersion des variables et leurs relations linéaires."
   ]
  },
  {
   "cell_type": "code",
   "execution_count": 6,
   "id": "9e1535c1-ba1c-41ee-ae47-2f18dcbed2fc",
   "metadata": {},
   "outputs": [
    {
     "name": "stdout",
     "output_type": "stream",
     "text": [
      "Matrice de variance-covariance :\n",
      "               CRIM           ZN       INDUS      CHAS        NOX         RM  \\\n",
      "CRIM      73.986578   -40.215956   23.992339 -0.122109   0.419594  -1.325038   \n",
      "ZN       -40.215956   543.936814  -85.412648 -0.252925  -1.396148   5.112513   \n",
      "INDUS     23.992339   -85.412648   47.064442  0.109669   0.607074  -1.887957   \n",
      "CHAS      -0.122109    -0.252925    0.109669  0.064513   0.002684   0.016285   \n",
      "NOX        0.419594    -1.396148    0.607074  0.002684   0.013428  -0.024603   \n",
      "RM        -1.325038     5.112513   -1.887957  0.016285  -0.024603   0.493671   \n",
      "AGE       85.405322  -373.901548  124.513903  0.618571   2.385927  -4.751929   \n",
      "DIS       -6.876722    32.629304  -10.228097 -0.053043  -0.187696   0.303663   \n",
      "RAD       46.847761   -63.348695   35.549971 -0.016296   0.616929  -1.283815   \n",
      "TAX      844.821538 -1236.453735  833.360290 -1.523367  13.046286 -34.583448   \n",
      "PTRATIO    5.399331   -19.776571    5.692104 -0.066819   0.047397  -0.540763   \n",
      "B       -302.381816   373.721402 -223.579756  1.131325  -4.020570   8.215006   \n",
      "LSTAT     27.986168   -68.783037   29.580270 -0.097816   0.488946  -3.079741   \n",
      "MEDV     -30.718508    77.315176  -30.520823  0.409409  -0.455412   4.493446   \n",
      "\n",
      "                 AGE         DIS          RAD           TAX     PTRATIO  \\\n",
      "CRIM       85.405322   -6.876722    46.847761    844.821538    5.399331   \n",
      "ZN       -373.901548   32.629304   -63.348695  -1236.453735  -19.776571   \n",
      "INDUS     124.513903  -10.228097    35.549971    833.360290    5.692104   \n",
      "CHAS        0.618571   -0.053043    -0.016296     -1.523367   -0.066819   \n",
      "NOX         2.385927   -0.187696     0.616929     13.046286    0.047397   \n",
      "RM         -4.751929    0.303663    -1.283815    -34.583448   -0.540763   \n",
      "AGE       792.358399  -44.329379   111.770846   2402.690122   15.936921   \n",
      "DIS       -44.329379    4.434015    -9.068252   -189.664592   -1.059775   \n",
      "RAD       111.770846   -9.068252    75.816366   1335.756577    8.760716   \n",
      "TAX      2402.690122 -189.664592  1335.756577  28404.759488  168.153141   \n",
      "PTRATIO    15.936921   -1.059775     8.760716    168.153141    4.686989   \n",
      "B        -702.940328   56.040356  -353.276219  -6797.911215  -35.059527   \n",
      "LSTAT     121.077725   -7.473329    30.385442    654.714520    5.782729   \n",
      "MEDV      -97.589017    4.840229   -30.561228   -726.255716  -10.110657   \n",
      "\n",
      "                   B       LSTAT        MEDV  \n",
      "CRIM     -302.381816   27.986168  -30.718508  \n",
      "ZN        373.721402  -68.783037   77.315176  \n",
      "INDUS    -223.579756   29.580270  -30.520823  \n",
      "CHAS        1.131325   -0.097816    0.409409  \n",
      "NOX        -4.020570    0.488946   -0.455412  \n",
      "RM          8.215006   -3.079741    4.493446  \n",
      "AGE      -702.940328  121.077725  -97.589017  \n",
      "DIS        56.040356   -7.473329    4.840229  \n",
      "RAD      -353.276219   30.385442  -30.561228  \n",
      "TAX     -6797.911215  654.714520 -726.255716  \n",
      "PTRATIO   -35.059527    5.782729  -10.110657  \n",
      "B        8334.752263 -238.667516  279.989834  \n",
      "LSTAT    -238.667516   50.994760  -48.447538  \n",
      "MEDV      279.989834  -48.447538   84.586724  \n"
     ]
    }
   ],
   "source": [
    "# 1-Calculer la matrice de variance-covariance\n",
    "cov_matrix = data.cov()\n",
    "print(\"Matrice de variance-covariance :\")\n",
    "print(cov_matrix)"
   ]
  },
  {
   "cell_type": "code",
   "execution_count": 7,
   "id": "9f380bdd-81da-4b95-a3ac-3893fd330d1a",
   "metadata": {},
   "outputs": [
    {
     "name": "stdout",
     "output_type": "stream",
     "text": [
      "\n",
      "Variances de chaque variable :\n",
      "CRIM: 73.9866\n",
      "ZN: 543.9368\n",
      "INDUS: 47.0644\n",
      "CHAS: 0.0645\n",
      "NOX: 0.0134\n",
      "RM: 0.4937\n",
      "AGE: 792.3584\n",
      "DIS: 4.4340\n",
      "RAD: 75.8164\n",
      "TAX: 28404.7595\n",
      "PTRATIO: 4.6870\n",
      "B: 8334.7523\n",
      "LSTAT: 50.9948\n",
      "MEDV: 84.5867\n"
     ]
    }
   ],
   "source": [
    "#2. Interprétez les valeurs de variance (diagonale) et de covariance\n",
    "# Extraire les variances (diagonale)\n",
    "variances = np.diag(cov_matrix)\n",
    "print(\"\\nVariances de chaque variable :\")\n",
    "for i, col in enumerate(data.columns):\n",
    "    print(f\"{col}: {variances[i]:.4f}\")"
   ]
  },
  {
   "cell_type": "markdown",
   "id": "46e94bad-4f14-44ee-a075-2aff8487c8ec",
   "metadata": {},
   "source": [
    "Interprétation des variances (diagonale)\n",
    "\n",
    "Les valeurs de variance indiquent la dispersion de chaque variable autour de sa moyenne.\n",
    "On observe par exemple que AGE (792.35), ZN (543.93) et TAX (28 404.76) possèdent des variances très élevées : ce sont des variables très dispersées, avec beaucoup de variation dans le dataset.\n",
    "À l’inverse, des variables comme NOX (0.013), CHAS (0.064) ou RM (0.49) présentent une faible variance, ce qui signifie qu’elles varient peu entre les observations.\n",
    "\n",
    "Les covariances révèlent des relations importantes : TAX et RAD varient fortement ensemble, tout comme AGE et INDUS. Les relations négatives montrent que les zones résidentielles sont opposées aux zones industrielles et aux zones fortement taxées. Certaines variables, comme CHAS, ont une covariance proche de zéro avec la plupart des autres, indiquant peu de relation linéaire."
   ]
  },
  {
   "cell_type": "markdown",
   "id": "5e61c405-e7ab-4810-af91-2161d0d28db1",
   "metadata": {},
   "source": [
    "3. Identifiez les paires de variables avec les covariances les plus élevées\n"
   ]
  },
  {
   "cell_type": "code",
   "execution_count": 8,
   "id": "d8984a01-713a-4b5d-9764-f12c8ce578e6",
   "metadata": {},
   "outputs": [
    {
     "name": "stdout",
     "output_type": "stream",
     "text": [
      "\n",
      "--- Plus forte covariance positive ---\n",
      "   Variable 1 Variable 2   Covariance\n",
      "65        AGE        TAX  2402.690122\n",
      "76        RAD        TAX  1335.756577\n",
      "8        CRIM        TAX   844.821538\n",
      "31      INDUS        TAX   833.360290\n",
      "83        TAX      LSTAT   654.714520\n",
      "22         ZN          B   373.721402\n",
      "89          B       MEDV   279.989834\n",
      "81        TAX    PTRATIO   168.153141\n",
      "28      INDUS        AGE   124.513903\n",
      "68        AGE      LSTAT   121.077725\n"
     ]
    }
   ],
   "source": [
    "pairs = []\n",
    "\n",
    "for i in range(len(cov_matrix.columns)):\n",
    "    for j in range(i+1, len(cov_matrix.columns)):  \n",
    "        var1 = cov_matrix.columns[i]\n",
    "        var2 = cov_matrix.columns[j]\n",
    "        cov_value = cov_matrix.iloc[i, j]\n",
    "        pairs.append((var1, var2, cov_value))\n",
    "\n",
    "# Convertir en DataFrame\n",
    "pairs_df = pd.DataFrame(pairs, columns=[\"Variable 1\", \"Variable 2\", \"Covariance\"])\n",
    "\n",
    "# Trier par covariance\n",
    "sorted_pairs = pairs_df.sort_values(by=\"Covariance\", ascending=False)\n",
    "\n",
    "print(\"\\n--- Plus forte covariance positive ---\")\n",
    "print(sorted_pairs.head(10))\n"
   ]
  },
  {
   "cell_type": "markdown",
   "id": "bed74c0b-3e38-4e50-bdcf-20ed7af0e300",
   "metadata": {},
   "source": [
    "4. Comparez la matrice de covariance avec la matrice de corrélation : quelles différences observez-vous?"
   ]
  },
  {
   "cell_type": "code",
   "execution_count": 9,
   "id": "15a9e2ad-bf47-4aa3-9452-d80f1927620e",
   "metadata": {},
   "outputs": [
    {
     "name": "stdout",
     "output_type": "stream",
     "text": [
      "\n",
      "Matrice de corrélation :\n",
      "             CRIM        ZN     INDUS      CHAS       NOX        RM       AGE  \\\n",
      "CRIM     1.000000 -0.200469  0.406583 -0.055892  0.420972 -0.219247  0.352734   \n",
      "ZN      -0.200469  1.000000 -0.533828 -0.042697 -0.516604  0.311991 -0.569537   \n",
      "INDUS    0.406583 -0.533828  1.000000  0.062938  0.763651 -0.391676  0.644779   \n",
      "CHAS    -0.055892 -0.042697  0.062938  1.000000  0.091203  0.091251  0.086518   \n",
      "NOX      0.420972 -0.516604  0.763651  0.091203  1.000000 -0.302188  0.731470   \n",
      "RM      -0.219247  0.311991 -0.391676  0.091251 -0.302188  1.000000 -0.240265   \n",
      "AGE      0.352734 -0.569537  0.644779  0.086518  0.731470 -0.240265  1.000000   \n",
      "DIS     -0.379670  0.664408 -0.708027 -0.099176 -0.769230  0.205246 -0.747881   \n",
      "RAD      0.625505 -0.311948  0.595129 -0.007368  0.611441 -0.209847  0.456022   \n",
      "TAX      0.582764 -0.314563  0.720760 -0.035587  0.668023 -0.292048  0.506456   \n",
      "PTRATIO  0.289946 -0.391679  0.383248 -0.121515  0.188933 -0.355501  0.261515   \n",
      "B       -0.385064  0.175520 -0.356977  0.048788 -0.380051  0.128069 -0.273534   \n",
      "LSTAT    0.455621 -0.412995  0.603800 -0.053929  0.590879 -0.613808  0.602339   \n",
      "MEDV    -0.388305  0.360445 -0.483725  0.175260 -0.427321  0.695360 -0.376955   \n",
      "\n",
      "              DIS       RAD       TAX   PTRATIO         B     LSTAT      MEDV  \n",
      "CRIM    -0.379670  0.625505  0.582764  0.289946 -0.385064  0.455621 -0.388305  \n",
      "ZN       0.664408 -0.311948 -0.314563 -0.391679  0.175520 -0.412995  0.360445  \n",
      "INDUS   -0.708027  0.595129  0.720760  0.383248 -0.356977  0.603800 -0.483725  \n",
      "CHAS    -0.099176 -0.007368 -0.035587 -0.121515  0.048788 -0.053929  0.175260  \n",
      "NOX     -0.769230  0.611441  0.668023  0.188933 -0.380051  0.590879 -0.427321  \n",
      "RM       0.205246 -0.209847 -0.292048 -0.355501  0.128069 -0.613808  0.695360  \n",
      "AGE     -0.747881  0.456022  0.506456  0.261515 -0.273534  0.602339 -0.376955  \n",
      "DIS      1.000000 -0.494588 -0.534432 -0.232471  0.291512 -0.496996  0.249929  \n",
      "RAD     -0.494588  1.000000  0.910228  0.464741 -0.444413  0.488676 -0.381626  \n",
      "TAX     -0.534432  0.910228  1.000000  0.460853 -0.441808  0.543993 -0.468536  \n",
      "PTRATIO -0.232471  0.464741  0.460853  1.000000 -0.177383  0.374044 -0.507787  \n",
      "B        0.291512 -0.444413 -0.441808 -0.177383  1.000000 -0.366087  0.333461  \n",
      "LSTAT   -0.496996  0.488676  0.543993  0.374044 -0.366087  1.000000 -0.737663  \n",
      "MEDV     0.249929 -0.381626 -0.468536 -0.507787  0.333461 -0.737663  1.000000  \n",
      "\n",
      "Matrice de covariance :\n",
      "               CRIM           ZN       INDUS      CHAS        NOX         RM  \\\n",
      "CRIM      73.986578   -40.215956   23.992339 -0.122109   0.419594  -1.325038   \n",
      "ZN       -40.215956   543.936814  -85.412648 -0.252925  -1.396148   5.112513   \n",
      "INDUS     23.992339   -85.412648   47.064442  0.109669   0.607074  -1.887957   \n",
      "CHAS      -0.122109    -0.252925    0.109669  0.064513   0.002684   0.016285   \n",
      "NOX        0.419594    -1.396148    0.607074  0.002684   0.013428  -0.024603   \n",
      "RM        -1.325038     5.112513   -1.887957  0.016285  -0.024603   0.493671   \n",
      "AGE       85.405322  -373.901548  124.513903  0.618571   2.385927  -4.751929   \n",
      "DIS       -6.876722    32.629304  -10.228097 -0.053043  -0.187696   0.303663   \n",
      "RAD       46.847761   -63.348695   35.549971 -0.016296   0.616929  -1.283815   \n",
      "TAX      844.821538 -1236.453735  833.360290 -1.523367  13.046286 -34.583448   \n",
      "PTRATIO    5.399331   -19.776571    5.692104 -0.066819   0.047397  -0.540763   \n",
      "B       -302.381816   373.721402 -223.579756  1.131325  -4.020570   8.215006   \n",
      "LSTAT     27.986168   -68.783037   29.580270 -0.097816   0.488946  -3.079741   \n",
      "MEDV     -30.718508    77.315176  -30.520823  0.409409  -0.455412   4.493446   \n",
      "\n",
      "                 AGE         DIS          RAD           TAX     PTRATIO  \\\n",
      "CRIM       85.405322   -6.876722    46.847761    844.821538    5.399331   \n",
      "ZN       -373.901548   32.629304   -63.348695  -1236.453735  -19.776571   \n",
      "INDUS     124.513903  -10.228097    35.549971    833.360290    5.692104   \n",
      "CHAS        0.618571   -0.053043    -0.016296     -1.523367   -0.066819   \n",
      "NOX         2.385927   -0.187696     0.616929     13.046286    0.047397   \n",
      "RM         -4.751929    0.303663    -1.283815    -34.583448   -0.540763   \n",
      "AGE       792.358399  -44.329379   111.770846   2402.690122   15.936921   \n",
      "DIS       -44.329379    4.434015    -9.068252   -189.664592   -1.059775   \n",
      "RAD       111.770846   -9.068252    75.816366   1335.756577    8.760716   \n",
      "TAX      2402.690122 -189.664592  1335.756577  28404.759488  168.153141   \n",
      "PTRATIO    15.936921   -1.059775     8.760716    168.153141    4.686989   \n",
      "B        -702.940328   56.040356  -353.276219  -6797.911215  -35.059527   \n",
      "LSTAT     121.077725   -7.473329    30.385442    654.714520    5.782729   \n",
      "MEDV      -97.589017    4.840229   -30.561228   -726.255716  -10.110657   \n",
      "\n",
      "                   B       LSTAT        MEDV  \n",
      "CRIM     -302.381816   27.986168  -30.718508  \n",
      "ZN        373.721402  -68.783037   77.315176  \n",
      "INDUS    -223.579756   29.580270  -30.520823  \n",
      "CHAS        1.131325   -0.097816    0.409409  \n",
      "NOX        -4.020570    0.488946   -0.455412  \n",
      "RM          8.215006   -3.079741    4.493446  \n",
      "AGE      -702.940328  121.077725  -97.589017  \n",
      "DIS        56.040356   -7.473329    4.840229  \n",
      "RAD      -353.276219   30.385442  -30.561228  \n",
      "TAX     -6797.911215  654.714520 -726.255716  \n",
      "PTRATIO   -35.059527    5.782729  -10.110657  \n",
      "B        8334.752263 -238.667516  279.989834  \n",
      "LSTAT    -238.667516   50.994760  -48.447538  \n",
      "MEDV      279.989834  -48.447538   84.586724  \n"
     ]
    }
   ],
   "source": [
    "# Calculer la matrice de corrélation\n",
    "corr_matrix = data.corr()\n",
    "\n",
    "print(\"\\nMatrice de corrélation :\")\n",
    "print(corr_matrix)\n",
    "\n",
    "print(\"\\nMatrice de covariance :\")\n",
    "print(cov_matrix)\n"
   ]
  },
  {
   "cell_type": "markdown",
   "id": "f43c0394-8383-4316-8764-335aa2e5323c",
   "metadata": {},
   "source": [
    "La matrice de corrélation est normalisée, chaque valeur étant divisée par l’écart-type des variables correspondantes, ce qui rend les coefficients comparables et indépendants des unités de mesure. En revanche, la matrice de covariance n’est pas normalisée, chaque valeur dépend donc de l’échelle et des unités des variables, ce qui la rend sensible à l’ampleur et à la distribution des données."
   ]
  },
  {
   "cell_type": "markdown",
   "id": "62330c54-f7c9-40b3-a8fa-8151b2302538",
   "metadata": {},
   "source": [
    "5. Calculez les valeurs propres et vecteurs propres de cette matrice"
   ]
  },
  {
   "cell_type": "code",
   "execution_count": 10,
   "id": "4d01b58d-8bd9-4cca-803f-e9da90edd3b5",
   "metadata": {},
   "outputs": [
    {
     "name": "stdout",
     "output_type": "stream",
     "text": [
      "\n",
      "les valeurs propres :  [3.09100129e+04 6.25081428e+03 8.22464007e+02 2.67296502e+02\n",
      " 7.70431236e+01 4.66834420e+01 1.70629028e+01 1.35584446e+01\n",
      " 8.90961528e+00 2.72121107e+00 1.10202414e+00 2.17934498e-01\n",
      " 5.91054423e-02 2.92529621e-03]\n",
      "\n",
      "les vecteurs propres :  [[ 2.92941977e-02  6.67046853e-03 -1.20190050e-02 -2.53543496e-02\n",
      "  -2.72141253e-01 -9.29714844e-01  1.57393698e-01  1.51118705e-01\n",
      "  -1.06241350e-01 -2.19357372e-02  2.22033012e-02  2.49322079e-03\n",
      "  -1.30435791e-03  7.47506930e-04]\n",
      " [-4.36119495e-02  1.11892970e-03  6.32165973e-01 -7.63156509e-01\n",
      "  -9.19303840e-02  3.88260164e-02  3.81906455e-02  6.54826595e-03\n",
      "   5.72329143e-02 -1.72580529e-02 -3.18570594e-02  2.58458416e-03\n",
      "  -1.04865904e-04  1.19284997e-05]\n",
      " [ 2.83285521e-02 -4.94446469e-03 -8.83907030e-02  1.30715436e-02\n",
      "  -5.70491282e-02  1.25956813e-01  8.60001935e-01  7.86092364e-02\n",
      "   4.65313822e-01 -6.08457985e-03  9.73372356e-02 -1.31501410e-02\n",
      "   8.27512718e-03 -4.10922425e-03]\n",
      " [-5.58686577e-05 -1.03158562e-04 -9.34983271e-04 -9.44720634e-04\n",
      "   5.54626391e-03 -7.62006264e-04  6.72573999e-03 -5.45056225e-03\n",
      "   6.48412821e-03  1.03210320e-02  4.96713471e-03  1.80540113e-02\n",
      "  -9.99593848e-01 -1.43138435e-02]\n",
      " [ 4.49661246e-04  1.85801865e-06 -1.80125007e-03 -6.86992544e-04\n",
      "  -1.47452010e-04  4.47889603e-04  4.84733363e-03 -1.15611187e-03\n",
      "   3.27965118e-03  1.55782521e-02 -1.54070576e-02  9.40904068e-04\n",
      "  -1.41518710e-02  9.99639460e-01]\n",
      " [-1.17073333e-03  3.60907378e-04  5.02561676e-03 -6.38109503e-03\n",
      "   4.87351106e-02 -1.75784028e-02 -1.20417332e-02  1.06850503e-02\n",
      "   3.78139579e-03  3.82920610e-03  3.69146041e-03 -9.98312950e-01\n",
      "  -1.78135163e-02  7.63294951e-04]\n",
      " [ 8.36333712e-02 -5.69199446e-03 -7.52450733e-01 -6.40599388e-01\n",
      "   7.57434915e-02  4.31721458e-03 -7.83334981e-02  6.15644390e-02\n",
      "   7.41245371e-03 -9.10536136e-03  2.39049838e-02  5.49420638e-03\n",
      "   1.04402995e-03 -8.77786384e-04]\n",
      " [-6.55927907e-03  3.55422901e-04  4.47027149e-02 -1.72306979e-03\n",
      "  -3.51612040e-02  2.50886060e-02 -1.10422202e-01  4.09554566e-02\n",
      "  -1.21963651e-02 -1.12073475e-01  9.84472005e-01  2.99367908e-03\n",
      "   2.23683497e-03  1.76373898e-02]\n",
      " [ 4.49865875e-02 -8.63728357e-03  3.29285656e-03  1.85545711e-02\n",
      "   3.99607387e-02 -2.30791756e-01 -3.59702349e-01 -3.99853824e-01\n",
      "   7.97004313e-01  1.34070757e-01  8.93122388e-03  9.35560130e-03\n",
      "   6.94734138e-03 -3.08742980e-03]\n",
      " [ 9.49410543e-01 -2.92671865e-01  9.52211842e-02  1.91952456e-02\n",
      "   2.46644205e-02  2.60121301e-02 -3.02822305e-03  1.56064046e-02\n",
      "  -4.45675833e-02 -1.64908448e-03  6.32316808e-04 -7.82322291e-05\n",
      "  -4.22326258e-04 -4.12772267e-05]\n",
      " [ 5.60299073e-03 -2.52203704e-03 -1.16073120e-02  3.29311222e-02\n",
      "  -6.33688793e-02  1.27481735e-02 -8.79712663e-02  4.42575640e-02\n",
      "   1.53501227e-01 -9.72588302e-01 -1.22684765e-01 -5.45326293e-03\n",
      "  -1.11566561e-02  1.30712804e-02]\n",
      " [-2.91176449e-01 -9.56058290e-01 -2.47912312e-02 -3.19628519e-03\n",
      "  -2.03594368e-02 -1.03770810e-02  4.88946219e-04 -2.41184611e-03\n",
      "   2.86586948e-03  2.54038537e-03 -4.55408528e-04 -9.33875901e-04\n",
      "   7.78209397e-05  2.83433026e-05]\n",
      " [ 2.29611938e-02  5.80428040e-03 -9.48191655e-02 -3.99394314e-02\n",
      "  -4.60095542e-01  6.81548417e-02  1.69452047e-01 -8.12694254e-01\n",
      "  -2.76718765e-01 -6.85299733e-02  2.79050861e-02 -3.58588153e-02\n",
      "   7.44267443e-05  3.72090029e-04]\n",
      " [-2.55282918e-02 -8.84372765e-03  7.33557767e-02 -5.44356830e-02\n",
      "   8.28571564e-01 -2.41750130e-01  2.23101560e-01 -3.77842507e-01\n",
      "  -1.76927000e-01 -1.32545154e-01  5.54502498e-02  3.76224918e-02\n",
      "   6.73298145e-03  2.37855528e-03]]\n"
     ]
    }
   ],
   "source": [
    "# Calculer les valeurs propres et vecteurs propres\n",
    "eigenvalues, eigenvectors = np.linalg.eig(cov_matrix)\n",
    "print('\\nles valeurs propres : ',eigenvalues)\n",
    "print('\\nles vecteurs propres : ',eigenvectors)"
   ]
  },
  {
   "cell_type": "markdown",
   "id": "76900166-ca73-48be-824f-513f9d65c91d",
   "metadata": {},
   "source": [
    "Analyse en Composantes Principales (ACP) \n"
   ]
  },
  {
   "cell_type": "code",
   "execution_count": 11,
   "id": "4ad5f82c-6ffa-4872-ae7a-5f604bf61d0a",
   "metadata": {},
   "outputs": [
    {
     "data": {
      "text/plain": [
       "array([[-0.41978194,  0.28482986, -1.2879095 , ...,  0.44105193,\n",
       "        -1.0755623 ,  0.15968566],\n",
       "       [-0.41733926, -0.48772236, -0.59338101, ...,  0.44105193,\n",
       "        -0.49243937, -0.10152429],\n",
       "       [-0.41734159, -0.48772236, -0.59338101, ...,  0.39642699,\n",
       "        -1.2087274 ,  1.32424667],\n",
       "       ...,\n",
       "       [-0.41344658, -0.48772236,  0.11573841, ...,  0.44105193,\n",
       "        -0.98304761,  0.14880191],\n",
       "       [-0.40776407, -0.48772236,  0.11573841, ...,  0.4032249 ,\n",
       "        -0.86530163, -0.0579893 ],\n",
       "       [-0.41500016, -0.48772236,  0.11573841, ...,  0.44105193,\n",
       "        -0.66905833, -1.15724782]])"
      ]
     },
     "execution_count": 11,
     "metadata": {},
     "output_type": "execute_result"
    }
   ],
   "source": [
    "#1. Standardisez les variables et justifiez cette étape\n",
    "from sklearn.preprocessing import StandardScaler\n",
    "scaler = StandardScaler()\n",
    "\n",
    "# Fitting the Scaler\n",
    "scaler.fit(data)\n",
    "\n",
    "# Transforming the Data using the above fitted scaler\n",
    "scaled_data = scaler.transform(data)\n",
    "scaled_data\n",
    "\n"
   ]
  },
  {
   "cell_type": "code",
   "execution_count": 12,
   "id": "d1aee78b-87b4-4f9b-a45b-ac712542d09c",
   "metadata": {},
   "outputs": [
    {
     "data": {
      "text/html": [
       "<div>\n",
       "<style scoped>\n",
       "    .dataframe tbody tr th:only-of-type {\n",
       "        vertical-align: middle;\n",
       "    }\n",
       "\n",
       "    .dataframe tbody tr th {\n",
       "        vertical-align: top;\n",
       "    }\n",
       "\n",
       "    .dataframe thead tr th {\n",
       "        text-align: left;\n",
       "    }\n",
       "</style>\n",
       "<table border=\"1\" class=\"dataframe\">\n",
       "  <thead>\n",
       "    <tr>\n",
       "      <th></th>\n",
       "      <th>CRIM</th>\n",
       "      <th>ZN</th>\n",
       "      <th>INDUS</th>\n",
       "      <th>CHAS</th>\n",
       "      <th>NOX</th>\n",
       "      <th>RM</th>\n",
       "      <th>AGE</th>\n",
       "      <th>DIS</th>\n",
       "      <th>RAD</th>\n",
       "      <th>TAX</th>\n",
       "      <th>PTRATIO</th>\n",
       "      <th>B</th>\n",
       "      <th>LSTAT</th>\n",
       "      <th>MEDV</th>\n",
       "    </tr>\n",
       "  </thead>\n",
       "  <tbody>\n",
       "    <tr>\n",
       "      <th>0</th>\n",
       "      <td>-0.419782</td>\n",
       "      <td>0.284830</td>\n",
       "      <td>-1.287909</td>\n",
       "      <td>-0.272599</td>\n",
       "      <td>-0.144217</td>\n",
       "      <td>0.413672</td>\n",
       "      <td>-0.120013</td>\n",
       "      <td>0.140214</td>\n",
       "      <td>-0.982843</td>\n",
       "      <td>-0.666608</td>\n",
       "      <td>-1.459000</td>\n",
       "      <td>0.441052</td>\n",
       "      <td>-1.075562</td>\n",
       "      <td>0.159686</td>\n",
       "    </tr>\n",
       "    <tr>\n",
       "      <th>1</th>\n",
       "      <td>-0.417339</td>\n",
       "      <td>-0.487722</td>\n",
       "      <td>-0.593381</td>\n",
       "      <td>-0.272599</td>\n",
       "      <td>-0.740262</td>\n",
       "      <td>0.194274</td>\n",
       "      <td>0.367166</td>\n",
       "      <td>0.557160</td>\n",
       "      <td>-0.867883</td>\n",
       "      <td>-0.987329</td>\n",
       "      <td>-0.303094</td>\n",
       "      <td>0.441052</td>\n",
       "      <td>-0.492439</td>\n",
       "      <td>-0.101524</td>\n",
       "    </tr>\n",
       "    <tr>\n",
       "      <th>2</th>\n",
       "      <td>-0.417342</td>\n",
       "      <td>-0.487722</td>\n",
       "      <td>-0.593381</td>\n",
       "      <td>-0.272599</td>\n",
       "      <td>-0.740262</td>\n",
       "      <td>1.282714</td>\n",
       "      <td>-0.265812</td>\n",
       "      <td>0.557160</td>\n",
       "      <td>-0.867883</td>\n",
       "      <td>-0.987329</td>\n",
       "      <td>-0.303094</td>\n",
       "      <td>0.396427</td>\n",
       "      <td>-1.208727</td>\n",
       "      <td>1.324247</td>\n",
       "    </tr>\n",
       "    <tr>\n",
       "      <th>3</th>\n",
       "      <td>-0.416750</td>\n",
       "      <td>-0.487722</td>\n",
       "      <td>-1.306878</td>\n",
       "      <td>-0.272599</td>\n",
       "      <td>-0.835284</td>\n",
       "      <td>1.016303</td>\n",
       "      <td>-0.809889</td>\n",
       "      <td>1.077737</td>\n",
       "      <td>-0.752922</td>\n",
       "      <td>-1.106115</td>\n",
       "      <td>0.113032</td>\n",
       "      <td>0.416163</td>\n",
       "      <td>-1.361517</td>\n",
       "      <td>1.182758</td>\n",
       "    </tr>\n",
       "    <tr>\n",
       "      <th>4</th>\n",
       "      <td>-0.412482</td>\n",
       "      <td>-0.487722</td>\n",
       "      <td>-1.306878</td>\n",
       "      <td>-0.272599</td>\n",
       "      <td>-0.835284</td>\n",
       "      <td>1.228577</td>\n",
       "      <td>-0.511180</td>\n",
       "      <td>1.077737</td>\n",
       "      <td>-0.752922</td>\n",
       "      <td>-1.106115</td>\n",
       "      <td>0.113032</td>\n",
       "      <td>0.441052</td>\n",
       "      <td>-1.026501</td>\n",
       "      <td>1.487503</td>\n",
       "    </tr>\n",
       "  </tbody>\n",
       "</table>\n",
       "</div>"
      ],
      "text/plain": [
       "       CRIM        ZN     INDUS      CHAS       NOX        RM       AGE  \\\n",
       "0 -0.419782  0.284830 -1.287909 -0.272599 -0.144217  0.413672 -0.120013   \n",
       "1 -0.417339 -0.487722 -0.593381 -0.272599 -0.740262  0.194274  0.367166   \n",
       "2 -0.417342 -0.487722 -0.593381 -0.272599 -0.740262  1.282714 -0.265812   \n",
       "3 -0.416750 -0.487722 -1.306878 -0.272599 -0.835284  1.016303 -0.809889   \n",
       "4 -0.412482 -0.487722 -1.306878 -0.272599 -0.835284  1.228577 -0.511180   \n",
       "\n",
       "        DIS       RAD       TAX   PTRATIO         B     LSTAT      MEDV  \n",
       "0  0.140214 -0.982843 -0.666608 -1.459000  0.441052 -1.075562  0.159686  \n",
       "1  0.557160 -0.867883 -0.987329 -0.303094  0.441052 -0.492439 -0.101524  \n",
       "2  0.557160 -0.867883 -0.987329 -0.303094  0.396427 -1.208727  1.324247  \n",
       "3  1.077737 -0.752922 -1.106115  0.113032  0.416163 -1.361517  1.182758  \n",
       "4  1.077737 -0.752922 -1.106115  0.113032  0.441052 -1.026501  1.487503  "
      ]
     },
     "execution_count": 12,
     "metadata": {},
     "output_type": "execute_result"
    }
   ],
   "source": [
    "scaled_data = pd.DataFrame(scaled_data, columns = [data.columns])\n",
    "scaled_data.head()"
   ]
  },
  {
   "cell_type": "markdown",
   "id": "8d90e7d9-47b1-4c49-aaf2-d543bb85c09b",
   "metadata": {},
   "source": [
    "#justifier : \n",
    "Nous devons standardiser les variables avant de réaliser une ACP, car les différentes variables du jeu de données n’ont pas la même échelle.\n",
    "Par exemple, certaines variables comme TAX peuvent atteindre des valeurs très élevées, alors que d’autres comme CRIM ou LSTAT ont des valeurs beaucoup plus petites.\n",
    "Sans standardisation, les variables ayant les valeurs les plus grandes prendraient trop d’importance dans le calcul des composantes principales.\n",
    "\n",
    "#La standardisation (centrage-réduction) rend toutes les variables comparables et permet à l’ACP de capturer la structure réelle des corrélations."
   ]
  },
  {
   "cell_type": "code",
   "execution_count": 13,
   "id": "2aaed34e-910b-4195-9b44-b3318f2100c5",
   "metadata": {},
   "outputs": [
    {
     "name": "stderr",
     "output_type": "stream",
     "text": [
      "C:\\Users\\TESS\\AppData\\Local\\Temp\\ipykernel_7756\\1733478660.py:2: PerformanceWarning: dropping on a non-lexsorted multi-index without a level parameter may impact performance.\n",
      "  X = scaled_data.drop(columns=[\"MEDV\"])\n"
     ]
    },
    {
     "data": {
      "text/plain": [
       "array([[-2.09829747,  0.77311275,  0.34294273, -0.89177403, -0.42307036,\n",
       "         0.31533814,  0.31864075, -0.2958318 , -0.42493682, -0.64020641,\n",
       "         0.03300036,  0.01944023,  0.36597533],\n",
       "       [-1.45725167,  0.59198521, -0.69519931, -0.48745853,  0.19587567,\n",
       "        -0.26422321,  0.55386126,  0.22366994, -0.16696207, -0.08423646,\n",
       "         0.64080983, -0.12579741, -0.07071949],\n",
       "       [-2.07459756,  0.5996394 ,  0.1671216 , -0.73920419,  0.93453406,\n",
       "        -0.44809462,  0.48455996, -0.10516613,  0.06977513,  0.18038003,\n",
       "         0.48755672,  0.13332653, -0.0140218 ],\n",
       "       [-2.61150357, -0.00687062, -0.10028413, -0.34372124,  1.10495596,\n",
       "        -0.6646495 ,  0.62264086, -0.25594078, -0.34224574, -0.04590132,\n",
       "         0.36020874,  0.50867761,  0.00784692],\n",
       "       [-2.45818501,  0.09771195, -0.07534821, -0.42790688,  1.06592426,\n",
       "        -0.6170472 ,  0.70508599,  0.13452405, -0.41766778,  0.1408798 ,\n",
       "         0.39514988,  0.49773174,  0.01427426]])"
      ]
     },
     "execution_count": 13,
     "metadata": {},
     "output_type": "execute_result"
    }
   ],
   "source": [
    "from sklearn.decomposition import PCA\n",
    "X = scaled_data.drop(columns=[\"MEDV\"])\n",
    "# Application de l’ACP\n",
    "pca = PCA()  # toutes les composantes\n",
    "X_pca = pca.fit_transform(X)\n",
    "\n",
    "# Afficher les premières valeurs\n",
    "X_pca[:5]"
   ]
  },
  {
   "cell_type": "markdown",
   "id": "8e0ef91d-855e-4d78-b604-457797cb1590",
   "metadata": {},
   "source": [
    "3. Calculez et visualisez la variance expliquée par chaque composante"
   ]
  },
  {
   "cell_type": "code",
   "execution_count": 22,
   "id": "a29969ac-ea1a-450c-acb6-42cb15ffcaa2",
   "metadata": {},
   "outputs": [
    {
     "name": "stdout",
     "output_type": "stream",
     "text": [
      "Variance expliquée par Components : [6.1389812  1.43611329 1.2450773  0.85927328 0.83646904 0.65870897\n",
      " 0.5364162  0.39688167 0.27749173 0.22067394 0.18638271 0.16963823\n",
      " 0.06363502]\n",
      "Percent Variance explained by Components are: [0.47129606 0.11025193 0.0955859  0.06596732 0.06421661 0.05056978\n",
      " 0.04118124 0.03046902 0.02130333 0.01694137 0.0143088  0.01302331\n",
      " 0.00488533]\n",
      "Cumulative Percent Variance Explained by Components are: [0.47129606 0.581548   0.67713389 0.74310121 0.80731782 0.8578876\n",
      " 0.89906884 0.92953786 0.9508412  0.96778257 0.98209137 0.99511467\n",
      " 1.        ]\n"
     ]
    }
   ],
   "source": [
    "myPCA = PCA(n_components=13)  \n",
    "\n",
    "# Fitting the data\n",
    "x = myPCA.fit_transform(X)\n",
    "print(\"Variance expliquée par Components :\", myPCA.explained_variance_)\n",
    "print(\"Percent Variance explained by Components are:\", myPCA.explained_variance_ratio_)\n",
    "print(\"Cumulative Percent Variance Explained by Components are:\", \n",
    "      np.cumsum(myPCA.explained_variance_ratio_))"
   ]
  },
  {
   "cell_type": "code",
   "execution_count": 24,
   "id": "91f80a84-39b4-4578-bfe6-089f36e96629",
   "metadata": {},
   "outputs": [
    {
     "name": "stderr",
     "output_type": "stream",
     "text": [
      "C:\\Users\\TESS\\AppData\\Local\\Temp\\ipykernel_7756\\758976932.py:13: FutureWarning: \n",
      "\n",
      "Passing `palette` without assigning `hue` is deprecated and will be removed in v0.14.0. Assign the `x` variable to `hue` and set `legend=False` for the same effect.\n",
      "\n",
      "  sns.barplot(x=\"Number_of_components\", y=\"Variance_Cumulee\",\n",
      "C:\\Users\\TESS\\AppData\\Local\\Temp\\ipykernel_7756\\758976932.py:19: UserWarning: No artists with labels found to put in legend.  Note that artists whose label start with an underscore are ignored when legend() is called with no argument.\n",
      "  plt.legend()\n"
     ]
    },
    {
     "data": {
